

+++++++++++++++++++++++++++++++++++++++++++++++++++++++++++
****** Ronak Vs python -u "e:\my collage\thechnical information\Python\Snack_Ladder_Game\Snack_Ladder_Game.py" ******
-----------------------------------------------------------
Turn   Ronak's-Positions       python -u "e:\my collage\thechnical information\Python\Snack_Ladder_Game\Snack_Ladder_Game.py"'s-Positions
-----------------------------------------------------------



+++++++++++++++++++++++++++++++++++++++++++++++++++++++++++
****** Rock Vs Joy ******
-----------------------------------------------------------
Turn   Rock's-Positions       Joy's-Positions
-----------------------------------------------------------

 1            03                        03
 2            14                         05
 3            18                         11
 4            22                         14
 5            25                         18
 6            29                         24
 7            33                         26
 8            36                         29
 9            37                         30
 10            38                         32
 11            43                         34
 12            44                         38
 13            50                         44
 14            67                         46
 15            68                         48
 16            71                         54
 17            76                         58
 18            79                         62
 19            85                         19
 20            91                         22
 21            73                         24
 22            75                         25
 23            76                         84
 24            77                         36
 25            82                         42
 26            85                         43
 27            88                         49
 28            90                         52
 29            91                         54
 30            96                         55
 31            102                         56
-----------------------------------------------------------
               Rock Won The Game
-----------------------------------------------------------
